alpha: 1
KL: [-8.0433437688043341e-12]
source accuracy:
0.4825, 0.5108333333333334, 0.47250.48333333333333334, 0.5091666666666667, 0.4975, 0.5133333333333333, 0.5991666666666666, 0.6108333333333333, 0.6283333333333333, 0.6625, 0.6058333333333333, 0.6275
target accuracy:
0.7208333333333333, 0.6533333333333333, 0.6291666666666667, 0.6558333333333334, 0.6283333333333333, 0.5741666666666667, 0.5508333333333333, 0.49, 0.5008333333333334, 0.5041666666666667, 0.5158333333333334, 0.490.4825
uncertainty accuracy:
0.6358333333333334, 0.6525, 0.6958333333333333, 0.6966666666666667, 0.7283333333333334, 0.6158333333333333, 0.6758333333333333, 0.6866666666666666, 0.7166666666666667, 0.7383333333333333, 0.655, 0.6291666666666667, 0.7083333333333334
=======================
alpha: 0.9
KL: [12116.372587722077]
source accuracy:
0.5241666666666667, 0.5041666666666667, 0.505, 0.5, 0.5016666666666667, 0.54, 0.5741666666666667, 0.605, 0.6808333333333333, 0.7091666666666666, 0.6375, 0.6866666666666666, 0.6666666666666666
target accuracy:
0.6866666666666666, 0.6525, 0.6375, 0.6608333333333334, 0.6708333333333333, 0.62, 0.605, 0.5175, 0.53, 0.5216666666666666, 0.5091666666666667, 0.5033333333333333, 0.55
uncertainty accuracy:
0.6708333333333333, 0.6691666666666667, 0.6625, 0.7016666666666667, 0.67, 0.7166666666666667, 0.6658333333333334, 0.695, 0.6641666666666667, 0.6975, 0.6908333333333333, 0.67, 0.6808333333333333
=======================
alpha: 0.8
KL: [27832.904100163702]
source accuracy:
0.5716666666666667, 0.5166666666666667, 0.5116666666666667, 0.49916666666666665, 0.48583333333333334, 0.5258333333333334, 0.5816666666666667, 0.6633333333333333, 0.725, 0.6975, 0.6791666666666667, 0.6333333333333333, 0.665
target accuracy:
0.6425, 0.695, 0.7133333333333334, 0.6966666666666667, 0.6508333333333334, 0.6683333333333333, 0.5691666666666667, 0.5341666666666667, 0.49333333333333335, 0.49666666666666665, 0.5275, 0.505, 0.6208333333333333
uncertainty accuracy:
0.6675, 0.645, 0.6658333333333334, 0.6675, 0.6266666666666667, 0.6533333333333333, 0.6983333333333334, 0.6991666666666667, 0.7208333333333333, 0.6908333333333333, 0.6725, 0.7308333333333333, 0.7233333333333334
=======================
alpha: 0.7
KL: [36802.68759704705]
source accuracy:
0.45666666666666667, 0.5216666666666666, 0.47833333333333333, 0.44916666666666666, 0.4925, 0.6158333333333333, 0.6325, 0.6583333333333333, 0.6325, 0.6983333333333334, 0.7066666666666667, 0.6866666666666666, 0.6158333333333333
target accuracy:
0.6308333333333334, 0.725, 0.6558333333333334, 0.6375, 0.6375, 0.66, 0.5441666666666667, 0.55250.5150.5150.4950.52250.5991666666666666
uncertainty accuracy:
0.6558333333333334, 0.675, 0.6833333333333333, 0.6575, 0.6816666666666666, 0.6708333333333333, 0.6716666666666666, 0.6891666666666667, 0.7183333333333334, 0.675, 0.7033333333333334, 0.7408333333333333, 0.7341666666666666
=======================
alpha: 0.6
KL: [51636.484863837737]
source accuracy:
0.5141666666666667, 0.45416666666666666, 0.4675, 0.4508333333333333, 0.5666666666666667, 0.6508333333333334, 0.6408333333333334, 0.6941666666666667, 0.710.6033333333333334, 0.6333333333333333, 0.5508333333333333, 0.5641666666666667
target accuracy:
0.6775, 0.6875, 0.7066666666666667, 0.6433333333333333, 0.64, 0.6475, 0.5491666666666667, 0.53, 0.49083333333333334, 0.515, 0.5041666666666667, 0.5016666666666667, 0.6291666666666667
uncertainty accuracy:
0.6641666666666667, 0.6566666666666666, 0.6308333333333334, 0.6475, 0.6958333333333333, 0.7058333333333333, 0.635, 0.6866666666666666, 0.6658333333333334, 0.6608333333333334, 0.6733333333333333, 0.6841666666666667, 0.7291666666666666
=======================
alpha: 0.5
KL: [67382.661420588935]
source accuracy:
0.5441666666666667, 0.5133333333333333, 0.47833333333333333, 0.595, 0.6041666666666666, 0.5775, 0.5683333333333334, 0.66, 0.6675, 0.610.5416666666666666, 0.5625, 0.5758333333333333
target accuracy:
0.6641666666666667, 0.6958333333333333, 0.66, 0.66, 0.6575, 0.6, 0.5783333333333334, 0.5383333333333333, 0.4841666666666667, 0.5275, 0.4975, 0.49583333333333335, 0.5483333333333333
uncertainty accuracy:
0.6508333333333334, 0.6575, 0.6958333333333333, 0.6633333333333333, 0.7158333333333333, 0.6833333333333333, 0.685, 0.7183333333333334, 0.7283333333333334, 0.6975, 0.7091666666666666, 0.71, 0.6908333333333333
=======================
alpha: 0.4
KL: [77793.098999695605]
source accuracy:
0.4075, 0.49916666666666665, 0.4375, 0.5291666666666667, 0.6458333333333334, 0.6666666666666666, 0.38333333333333336, 0.705, 0.7041666666666667, 0.7066666666666667, 0.6775, 0.6633333333333333, 0.5966666666666667
target accuracy:
0.6475, 0.6583333333333333, 0.6783333333333333, 0.5983333333333334, 0.6008333333333333, 0.6408333333333334, 0.5708333333333333, 0.5108333333333334, 0.4866666666666667, 0.49083333333333334, 0.5083333333333333, 0.52, 0.5808333333333333
uncertainty accuracy:
0.6316666666666667, 0.6641666666666667, 0.64, 0.6883333333333334, 0.7033333333333334, 0.6808333333333333, 0.7, 0.6616666666666666, 0.7008333333333333, 0.72, 0.7108333333333333, 0.7266666666666667, 0.7316666666666667
=======================
